1160.22
263.01
154.50
122.71
108.80
93.78
87.71
82.03
77.87
71.40
71.21
65.82
62.60
60.86
58.76
58.63
53.99
52.43
50.38
48.67
48.97
46.23
51.58
44.30
43.16
42.42
40.70
43.77
39.56
38.84
37.59
37.04
36.11
35.96
35.90
34.30
33.08
32.56
39.14
32.25
31.00
30.40
31.93
32.81
29.03
28.53
28.62
28.06
28.08
31.09
26.83
26.52
27.19
26.13
26.04
26.96
26.73
24.81
24.68
24.28
25.48
24.13
23.59
23.70
23.21
26.42
22.85
23.15
22.36
27.50
22.16
22.08
22.03
21.82
21.72
21.81
21.74
22.74
21.02
21.19
21.07
24.82
20.66
20.50
20.60
20.75
20.42
24.96
20.76
20.04
19.76
19.85
19.75
19.76
22.49
19.54
19.98
19.44
19.28
19.14
