1.19
0.78
0.73
0.70
0.67
0.63
0.61
0.59
0.57
0.55
0.54
0.53
0.52
0.51
0.51
0.51
0.49
0.49
0.49
0.49
0.49
0.48
0.50
0.48
0.48
0.49
0.48
0.50
0.49
0.49
0.49
0.49
0.49
0.49
0.50
0.49
0.49
0.50
0.51
0.50
0.50
0.50
0.51
0.51
0.50
0.50
0.51
0.51
0.51
0.52
0.51
0.51
0.51
0.51
0.51
0.52
0.51
0.51
0.51
0.51
0.52
0.52
0.52
0.52
0.52
0.53
0.52
0.52
0.52
0.53
0.52
0.52
0.52
0.52
0.52
0.52
0.52
0.53
0.52
0.52
0.52
0.53
0.52
0.52
0.52
0.52
0.52
0.53
0.52
0.52
0.52
0.52
0.52
0.52
0.53
0.52
0.53
0.52
0.52
0.52
