18.60
4.72
3.05
2.54
2.30
2.03
1.93
1.82
1.74
1.62
1.61
1.52
1.46
1.43
1.39
1.39
1.30
1.28
1.25
1.22
1.22
1.18
1.27
1.15
1.13
1.13
1.09
1.15
1.08
1.07
1.05
1.05
1.03
1.03
1.03
1.01
0.99
0.98
1.10
0.98
0.97
0.96
0.99
1.01
0.94
0.93
0.94
0.93
0.93
0.98
0.91
0.91
0.92
0.90
0.90
0.92
0.92
0.88
0.88
0.88
0.90
0.88
0.87
0.87
0.87
0.92
0.86
0.87
0.85
0.94
0.85
0.85
0.85
0.85
0.85
0.85
0.85
0.87
0.84
0.84
0.84
0.91
0.83
0.83
0.83
0.84
0.83
0.91
0.83
0.82
0.82
0.82
0.82
0.82
0.87
0.81
0.82
0.81
0.81
0.81
